{
 "cells": [
  {
   "cell_type": "markdown",
   "metadata": {},
   "source": [
    "# 1 Import and Init"
   ]
  },
  {
   "cell_type": "code",
   "execution_count": 70,
   "metadata": {},
   "outputs": [],
   "source": [
    "import numpy as np"
   ]
  },
  {
   "cell_type": "code",
   "execution_count": 303,
   "metadata": {},
   "outputs": [],
   "source": [
    "N,k=600,10\n",
    "learning_rate=0.01\n",
    "sigma_square=2  # \" dans la papier sigma_square=100\"\n",
    "mu=np.zeros(k)\n",
    "variance_=sigma_square*np.identity(k)\n",
    "teta_none=np.array([i+1 for i in range(k) ])\n"
   ]
  },
  {
   "cell_type": "code",
   "execution_count": 72,
   "metadata": {},
   "outputs": [],
   "source": [
    "python_interpretator=\"/home/onyxia/work/Sampling-Methods-MCMC-Project/Manifold_MALA/mMALA_Vistual_Env/bin/python\""
   ]
  },
  {
   "cell_type": "markdown",
   "metadata": {},
   "source": [
    "2. Set mMALA Requirement Function"
   ]
  },
  {
   "cell_type": "code",
   "execution_count": 299,
   "metadata": {},
   "outputs": [],
   "source": [
    "def log_likelihood(X,Y,teta):\n",
    "    N,k=X.shape\n",
    "    beta_T=teta.transpose()\n",
    "    X_T=X.transpose()\n",
    "    ee=0.0000001\n",
    "    log_likeli=np.round((teta@X_T)@Y,15)\n",
    "\n",
    "    for n in range(N):\n",
    "        log_likeli=log_likeli-np.log(1+ee+np.round(np.exp(teta@(X[n,:].transpose())),15))\n",
    "\n",
    "    return np.round(log_likeli,10)\n"
   ]
  },
  {
   "cell_type": "code",
   "execution_count": 301,
   "metadata": {},
   "outputs": [
    {
     "data": {
      "text/plain": [
       "-575.808107125"
      ]
     },
     "execution_count": 301,
     "metadata": {},
     "output_type": "execute_result"
    }
   ],
   "source": [
    "ll=log_likelihood(X,Y,teta)\n",
    "ll"
   ]
  },
  {
   "cell_type": "code",
   "execution_count": 302,
   "metadata": {},
   "outputs": [
    {
     "name": "stdout",
     "output_type": "stream",
     "text": [
      "(600, 10) (600,)\n"
     ]
    }
   ],
   "source": [
    "# application\n",
    "X=np.random.randn(N,k)\n",
    "Y=np.random.randn(N)#.reshape(3,1)\n",
    "\n",
    "print(X.shape,Y.shape)\n"
   ]
  },
  {
   "cell_type": "code",
   "execution_count": 322,
   "metadata": {},
   "outputs": [],
   "source": [
    "def get_densite_value(betha_,mu=mu,variance_=variance_):\n",
    "    k=len(beta_)\n",
    "    det_=np.linalg.det(variance_)\n",
    "    inv_variance_=np.linalg.inv(variance_)\n",
    "    gap=betha_-mu\n",
    "    gap_T=gap.transpose()\n",
    "    pi_=np.round(np.pi,6)\n",
    "    const1=np.round(np.sqrt(((2*pi_)**(k))),2)\n",
    "    normalisation_constante=np.round((1/(const1*det_)),10)\n",
    "    value=(-1/2)*(gap@inv_variance_@gap_T)\n",
    "    densite_value=np.round(normalisation_constante*np.exp(value),100)\n",
    "\n",
    "    return densite_value#np.round(densite_value,15)"
   ]
  },
  {
   "cell_type": "code",
   "execution_count": 323,
   "metadata": {},
   "outputs": [
    {
     "data": {
      "text/plain": [
       "1.5770711065597703e-49"
      ]
     },
     "execution_count": 323,
     "metadata": {},
     "output_type": "execute_result"
    }
   ],
   "source": [
    "get_densite_value(beta)"
   ]
  },
  {
   "cell_type": "code",
   "execution_count": 331,
   "metadata": {},
   "outputs": [],
   "source": [
    "def link_fun_value(X_i,beta):\n",
    "    betha_T=beta.transpose()\n",
    "    X_i_T=X_i.transpose()\n",
    "    ee=0.0000001\n",
    "    x=np.round(betha_T@X_i_T,15)+ee\n",
    "    value1=np.round(ee+np.exp(x),100)\n",
    "    value=1/(1+value1)\n",
    "    return np.round(value,100)"
   ]
  },
  {
   "cell_type": "code",
   "execution_count": 332,
   "metadata": {},
   "outputs": [
    {
     "data": {
      "text/plain": [
       "(0.9947349023955282, 1.725650795321001e-10)"
      ]
     },
     "execution_count": 332,
     "metadata": {},
     "output_type": "execute_result"
    }
   ],
   "source": [
    "X_1=X[2]\n",
    "link_fun_value(X[1],beta_),link_fun_value(X[2],beta)"
   ]
  },
  {
   "cell_type": "code",
   "execution_count": 326,
   "metadata": {},
   "outputs": [],
   "source": [
    "def get_Lambda_Matrix(X,betha_):\n",
    "    N=X.shape[0]\n",
    "    left_real_values=[link_fun_value(X[i,:],betha_) for i in range(N)]\n",
    "    real_values=[np.round(left_real_values[i]*(1-left_real_values[i]),100) for i in range(N)]\n",
    "    Lambda_matrix=np.diag(real_values)\n",
    "\n",
    "    return Lambda_matrix\n"
   ]
  },
  {
   "cell_type": "code",
   "execution_count": 333,
   "metadata": {},
   "outputs": [
    {
     "data": {
      "text/plain": [
       "array([[2.21646094e-10, 0.00000000e+00, 0.00000000e+00, ...,\n",
       "        0.00000000e+00, 0.00000000e+00, 0.00000000e+00],\n",
       "       [0.00000000e+00, 1.00000094e-07, 0.00000000e+00, ...,\n",
       "        0.00000000e+00, 0.00000000e+00, 0.00000000e+00],\n",
       "       [0.00000000e+00, 0.00000000e+00, 1.72565080e-10, ...,\n",
       "        0.00000000e+00, 0.00000000e+00, 0.00000000e+00],\n",
       "       ...,\n",
       "       [0.00000000e+00, 0.00000000e+00, 0.00000000e+00, ...,\n",
       "        2.98675278e-05, 0.00000000e+00, 0.00000000e+00],\n",
       "       [0.00000000e+00, 0.00000000e+00, 0.00000000e+00, ...,\n",
       "        0.00000000e+00, 8.64789347e-06, 0.00000000e+00],\n",
       "       [0.00000000e+00, 0.00000000e+00, 0.00000000e+00, ...,\n",
       "        0.00000000e+00, 0.00000000e+00, 1.00033725e-07]])"
      ]
     },
     "execution_count": 333,
     "metadata": {},
     "output_type": "execute_result"
    }
   ],
   "source": [
    "Lambda_Matrix=get_Lambda_Matrix(X,beta)\n",
    "Lambda_Matrix"
   ]
  },
  {
   "cell_type": "code",
   "execution_count": 334,
   "metadata": {},
   "outputs": [],
   "source": [
    "def Tensor_metric_G(X,beta_,sigma_square=1):\n",
    "    k=len(beta_)\n",
    "    Lambda_Matrix=get_Lambda_Matrix(X,beta_)\n",
    "    X_t=X.transpose()\n",
    "    G_of_beta=X_t@(Lambda_Matrix@X)-variance_\n",
    "\n",
    "    return G_of_beta"
   ]
  },
  {
   "cell_type": "code",
   "execution_count": 336,
   "metadata": {},
   "outputs": [
    {
     "data": {
      "text/plain": [
       "array([[ 1.21866505e+01,  9.19252794e-01,  1.82028286e+00,\n",
       "        -1.93629368e-01, -1.08147434e+00, -3.66468588e+00,\n",
       "         7.96250958e-01,  7.93635087e-01, -1.24871855e+00,\n",
       "         5.54144620e-01],\n",
       "       [ 9.19252794e-01,  1.13181229e+01,  9.13286594e-01,\n",
       "        -4.63977164e-02, -1.99512440e+00, -7.00025165e-01,\n",
       "        -2.70160757e-01,  4.28311311e-01,  5.96914623e-01,\n",
       "        -2.07702022e+00],\n",
       "       [ 1.82028286e+00,  9.13286594e-01,  1.21943247e+01,\n",
       "         7.67587251e-01, -2.33683261e+00,  4.70635875e-02,\n",
       "         9.60298343e-01, -9.48425626e-01, -1.53283231e+00,\n",
       "        -2.15533692e+00],\n",
       "       [-1.93629368e-01, -4.63977164e-02,  7.67587251e-01,\n",
       "         1.07172928e+01, -4.29303314e-01, -2.36056050e+00,\n",
       "        -1.19452272e+00, -3.62322908e+00,  1.54658888e-01,\n",
       "        -3.42740117e-03],\n",
       "       [-1.08147434e+00, -1.99512440e+00, -2.33683261e+00,\n",
       "        -4.29303314e-01,  8.76210091e+00, -7.60267844e-01,\n",
       "        -1.25530593e+00,  9.75594292e-01, -6.71075980e-01,\n",
       "        -2.68275935e+00],\n",
       "       [-3.66468588e+00, -7.00025165e-01,  4.70635875e-02,\n",
       "        -2.36056050e+00, -7.60267844e-01,  1.12479070e+01,\n",
       "        -1.74207298e+00,  4.41456317e-01, -3.51843337e+00,\n",
       "        -1.97748242e+00],\n",
       "       [ 7.96250958e-01, -2.70160757e-01,  9.60298343e-01,\n",
       "        -1.19452272e+00, -1.25530593e+00, -1.74207298e+00,\n",
       "         8.56201216e+00, -3.27479296e+00, -1.09680050e+00,\n",
       "        -1.61730047e+00],\n",
       "       [ 7.93635087e-01,  4.28311311e-01, -9.48425626e-01,\n",
       "        -3.62322908e+00,  9.75594292e-01,  4.41456317e-01,\n",
       "        -3.27479296e+00,  9.92066619e+00, -3.02830427e+00,\n",
       "        -3.79562394e+00],\n",
       "       [-1.24871855e+00,  5.96914623e-01, -1.53283231e+00,\n",
       "         1.54658888e-01, -6.71075980e-01, -3.51843337e+00,\n",
       "        -1.09680050e+00, -3.02830427e+00,  7.73724679e+00,\n",
       "        -2.61885915e+00],\n",
       "       [ 5.54144620e-01, -2.07702022e+00, -2.15533692e+00,\n",
       "        -3.42740117e-03, -2.68275935e+00, -1.97748242e+00,\n",
       "        -1.61730047e+00, -3.79562394e+00, -2.61885915e+00,\n",
       "         7.98832609e+00]])"
      ]
     },
     "execution_count": 336,
     "metadata": {},
     "output_type": "execute_result"
    }
   ],
   "source": [
    "G_of_beta=Tensor_metric_G(X,beta)\n",
    "G_of_beta"
   ]
  },
  {
   "cell_type": "code",
   "execution_count": 337,
   "metadata": {},
   "outputs": [],
   "source": [
    "def compute_V_i(X,i,beta_):\n",
    "    N=X.shape[0]\n",
    "    diag_elts=[(1-2*link_fun_value(X[n],beta_))*X[n,i] for n in range(N)]\n",
    "    V_i_Matrix=np.diag(diag_elts)\n",
    "    return V_i_Matrix"
   ]
  },
  {
   "cell_type": "code",
   "execution_count": 339,
   "metadata": {},
   "outputs": [
    {
     "data": {
      "text/plain": [
       "array([[-0.3944453 ,  0.        ,  0.        , ...,  0.        ,\n",
       "         0.        ,  0.        ],\n",
       "       [ 0.        ,  0.96341538,  0.        , ...,  0.        ,\n",
       "         0.        ,  0.        ],\n",
       "       [ 0.        ,  0.        ,  0.47269919, ...,  0.        ,\n",
       "         0.        ,  0.        ],\n",
       "       ...,\n",
       "       [ 0.        ,  0.        ,  0.        , ...,  0.46341443,\n",
       "         0.        ,  0.        ],\n",
       "       [ 0.        ,  0.        ,  0.        , ...,  0.        ,\n",
       "        -0.83857398,  0.        ],\n",
       "       [ 0.        ,  0.        ,  0.        , ...,  0.        ,\n",
       "         0.        ,  1.21925608]])"
      ]
     },
     "execution_count": 339,
     "metadata": {},
     "output_type": "execute_result"
    }
   ],
   "source": [
    "i=9\n",
    "compute_V_i(X,i,beta_)"
   ]
  },
  {
   "cell_type": "code",
   "execution_count": 340,
   "metadata": {},
   "outputs": [],
   "source": [
    "def get_G_partial_derivative(X,i,beta_):\n",
    "    X_t=X.transpose()\n",
    "    Lambda_Matrix=get_Lambda_Matrix(X,beta_)\n",
    "    V_i_Matrix=compute_V_i(X,i,beta_)\n",
    "    G_partial_derivative_Matrix=X_t@Lambda_Matrix@V_i_Matrix@X\n",
    "\n",
    "    return G_partial_derivative_Matrix\n"
   ]
  },
  {
   "cell_type": "code",
   "execution_count": 341,
   "metadata": {},
   "outputs": [
    {
     "data": {
      "text/plain": [
       "array([[-2.93629762e-01,  5.80744969e-01, -5.48920754e-01,\n",
       "        -6.82170556e-01,  7.45319600e-01,  9.81548093e-01,\n",
       "         4.00423184e-01,  2.52594657e-01,  3.51608870e-01,\n",
       "        -1.38556515e+00],\n",
       "       [ 5.80744969e-01, -5.31120634e-01, -5.03078236e-01,\n",
       "         6.94957904e-02, -7.16624261e-01,  8.34944108e-01,\n",
       "         1.06660231e-01, -4.74158472e-01, -1.47404336e+00,\n",
       "         1.58924890e+00],\n",
       "       [-5.48920754e-01, -5.03078236e-01, -3.26329626e-01,\n",
       "        -3.84902360e-01, -3.35258955e-01, -6.38788855e-02,\n",
       "        -7.81656998e-02,  2.24842480e-02, -3.19367998e-04,\n",
       "         4.43034025e-01],\n",
       "       [-6.82170556e-01,  6.94957904e-02, -3.84902360e-01,\n",
       "        -1.50612350e-01,  1.48090615e+00,  4.42486070e-01,\n",
       "         4.55799469e-01,  5.58521381e-01, -2.97782550e-01,\n",
       "        -1.33501426e+00],\n",
       "       [ 7.45319600e-01, -7.16624261e-01, -3.35258955e-01,\n",
       "         1.48090615e+00, -2.04234203e+00, -9.28344604e-02,\n",
       "        -8.10475792e-01, -1.68203386e+00, -3.28747777e-01,\n",
       "         2.53744608e+00],\n",
       "       [ 9.81548093e-01,  8.34944108e-01, -6.38788855e-02,\n",
       "         4.42486070e-01, -9.28344604e-02, -1.20948221e+00,\n",
       "        -8.31893760e-02, -1.14705079e-01,  5.17127811e-01,\n",
       "        -1.14905355e-01],\n",
       "       [ 4.00423184e-01,  1.06660231e-01, -7.81656998e-02,\n",
       "         4.55799469e-01, -8.10475792e-01, -8.31893760e-02,\n",
       "        -2.23248076e-01, -7.43280630e-01, -2.90606875e-01,\n",
       "         9.51744491e-01],\n",
       "       [ 2.52594657e-01, -4.74158472e-01,  2.24842480e-02,\n",
       "         5.58521381e-01, -1.68203386e+00, -1.14705079e-01,\n",
       "        -7.43280630e-01, -5.20839488e-01, -2.91530214e-01,\n",
       "         1.49150305e+00],\n",
       "       [ 3.51608870e-01, -1.47404336e+00, -3.19367998e-04,\n",
       "        -2.97782550e-01, -3.28747777e-01,  5.17127811e-01,\n",
       "        -2.90606875e-01, -2.91530214e-01, -8.79945676e-01,\n",
       "         1.07982610e+00],\n",
       "       [-1.38556515e+00,  1.58924890e+00,  4.43034025e-01,\n",
       "        -1.33501426e+00,  2.53744608e+00, -1.14905355e-01,\n",
       "         9.51744491e-01,  1.49150305e+00,  1.07982610e+00,\n",
       "        -2.54349350e+00]])"
      ]
     },
     "execution_count": 341,
     "metadata": {},
     "output_type": "execute_result"
    }
   ],
   "source": [
    "G_partial_derivative_Matrix=get_G_partial_derivative(X,i,beta)\n",
    "G_partial_derivative_Matrix"
   ]
  },
  {
   "cell_type": "code",
   "execution_count": 342,
   "metadata": {},
   "outputs": [],
   "source": [
    "def Log_likelihood_gradient(X,Y,beta_):\n",
    "    N=X.shape[0]\n",
    "    X_Transpose=X.transpose()\n",
    "    X_n=np.zeros(k)\n",
    "    gradien_value=X_Transpose@Y\n",
    "    for n in range(N):\n",
    "        X_n=X[n,:]\n",
    "        gradien_value=gradien_value-link_fun_value(X_n,beta_)*(X_n.transpose())\n",
    "\n",
    "    return gradien_value\n"
   ]
  },
  {
   "cell_type": "code",
   "execution_count": 344,
   "metadata": {},
   "outputs": [
    {
     "data": {
      "text/plain": [
       "array([-17.42686456,   5.97426807,  92.70429087,  65.41824069,\n",
       "        99.33823502,  88.06832841,  78.3608105 ,  94.98189502,\n",
       "        97.55354979, 129.53441015])"
      ]
     },
     "execution_count": 344,
     "metadata": {},
     "output_type": "execute_result"
    }
   ],
   "source": [
    "gradien_value=Log_likelihood_gradient(X,Y,beta)\n",
    "gradien_value"
   ]
  },
  {
   "cell_type": "code",
   "execution_count": 346,
   "metadata": {},
   "outputs": [],
   "source": [
    "def proposal_Distribution_mean(X,Y,beta_,learning_rate=learning_rate):\n",
    "    N,k=X.shape\n",
    "    e=learning_rate\n",
    "    G=Tensor_metric_G(X,beta_)\n",
    "    inv_G=np.linalg.inv(G)\n",
    "\n",
    "    term2=(1/2)*(e**2)*inv_G@Log_likelihood_gradient(X,Y,beta_)\n",
    "    term3=np.zeros(k)\n",
    "    term4=np.zeros(k)\n",
    "    for j in range(k):\n",
    "        term3=term3-(e**2)*(inv_G@get_G_partial_derivative(X,j,beta_)@inv_G)[:,j]\n",
    "    for j in range(k):\n",
    "        terme4=term4+(e**2)*inv_G[:,j]*np.trace(inv_G@get_G_partial_derivative(X,j,beta_))\n",
    "\n",
    "    proposal_mean=beta_+term2+term3+term4\n",
    "    return proposal_mean\n",
    "    "
   ]
  },
  {
   "cell_type": "code",
   "execution_count": 349,
   "metadata": {},
   "outputs": [
    {
     "data": {
      "text/plain": [
       "(array([0.99948897, 1.99932757, 2.99928038, 3.99863035, 4.99857791,\n",
       "        5.99792573, 6.99756028, 7.99711371, 8.99677488, 9.99656915]),\n",
       " array([ 1,  2,  3,  4,  5,  6,  7,  8,  9, 10]))"
      ]
     },
     "execution_count": 349,
     "metadata": {},
     "output_type": "execute_result"
    }
   ],
   "source": [
    "proposal_mean=proposal_Distribution_mean(X,Y,beta,learning_rate)\n",
    "proposal_mean,beta"
   ]
  },
  {
   "cell_type": "code",
   "execution_count": 350,
   "metadata": {},
   "outputs": [],
   "source": [
    "def get_matrix_sqrt(X):\n",
    "    U, s, V = np.linalg.svd(X)\n",
    "\n",
    "# Racine carrée des valeurs singulières\n",
    "    s_sqrt = np.sqrt(s)\n",
    "\n",
    "# Reconstruction de la matrice racine carrée\n",
    "    X_sqrt = U.dot(np.diag(s_sqrt)).dot(V)\n",
    "\n",
    "    return X_sqrt"
   ]
  },
  {
   "cell_type": "code",
   "execution_count": 356,
   "metadata": {},
   "outputs": [],
   "source": [
    "def proposal_Distribution_variance_matrix_fun(X,beta_,learning_rate=learning_rate): # c'est plutot l'cartype\n",
    "    e=learning_rate\n",
    "    G=Tensor_metric_G(X,beta_)\n",
    "    inv_G=np.linalg.inv(G)\n",
    "    inv_G_sqrt=get_matrix_sqrt(inv_G)\n",
    "    \n",
    "    return e*inv_G_sqrt"
   ]
  },
  {
   "cell_type": "code",
   "execution_count": 357,
   "metadata": {},
   "outputs": [
    {
     "data": {
      "text/plain": [
       "(10, 10)"
      ]
     },
     "execution_count": 357,
     "metadata": {},
     "output_type": "execute_result"
    }
   ],
   "source": [
    "prop_var=proposal_Distribution_variance_matrix_fun(X,beta)\n",
    "prop_var.shape"
   ]
  },
  {
   "cell_type": "code",
   "execution_count": 359,
   "metadata": {},
   "outputs": [],
   "source": [
    "def beta_drawner(X,Y,beta_,learning_rate=learning_rate):\n",
    "    N,k=X.shape\n",
    "    mean_=proposal_Distribution_mean(X,Y,beta_,learning_rate)\n",
    "    variance=proposal_Distribution_variance_matrix_fun(X,beta_,learning_rate)\n",
    "    Z=np.random.randn(k)\n",
    "    proposed_teta=mean_+variance@Z\n",
    "    \n",
    "    return proposed_teta"
   ]
  },
  {
   "cell_type": "code",
   "execution_count": 361,
   "metadata": {},
   "outputs": [
    {
     "data": {
      "text/plain": [
       "array([0.99937732, 1.99534564, 2.99483837, 3.99557929, 4.99559576,\n",
       "       5.99617386, 7.00139789, 7.99687548, 8.9943057 , 9.9887062 ])"
      ]
     },
     "execution_count": 361,
     "metadata": {},
     "output_type": "execute_result"
    }
   ],
   "source": [
    "thetaStart=beta_drawner(X,Y,beta,learning_rate)\n",
    "thetaStart"
   ]
  },
  {
   "cell_type": "code",
   "execution_count": 373,
   "metadata": {},
   "outputs": [],
   "source": [
    "\n",
    "def Acceptance_Rati(thetaStart, theta_,X,Y,learning_rate=learning_rate):\n",
    "    LL_theta=log_likelihood(X,Y,theta_)\n",
    "    LL_theta_start=log_likelihood(X,Y,thetaStart)\n",
    "\n",
    "    teta_mu_proposal=proposal_Distribution_mean(X,Y,thetaStart,learning_rate)\n",
    "    teta_variance_propsal=proposal_Distribution_variance_matrix_fun(X,thetaStart,learning_rate)\n",
    "    tetaStart_mu_proposal=proposal_Distribution_mean(X,Y,beta_,learning_rate)\n",
    "    tetaStar_variance_propsal=proposal_Distribution_variance_matrix_fun(X,beta_,learning_rate)\n",
    "\n",
    "    \n",
    "    p_teta=np.round(get_densite_value(theta_,mu=mu,variance_=variance_),100)\n",
    "    q_teta=np.round(get_densite_value(theta_,mu=teta_mu_proposal,variance_=teta_variance_propsal),100)\n",
    "\n",
    "    p_teta_start=np.round(get_densite_value(theta_,mu=mu,variance_=variance_),100)\n",
    "    q_teta_start=np.round(get_densite_value(theta_,mu=tetaStart_mu_proposal,variance_=tetaStar_variance_propsal),100)\n",
    "    ee=0.0000001 # ajouter valeur dans les entrées des logs afin de d'éviter de se retorouve avec acceptane=inf \n",
    "\n",
    "    #acceptance_rate=ee+np.round(np.log(p_teta_start+ee),100)+np.round(np.log(q_teta_start+ee),100)-np.round(np.log(p_teta+ee),100)-np.round(np.log(q_teta+ee),100)\n",
    "    #acceptance_rate=LL_theta_start- LL_theta +np.log(ee+p_teta_start+q_teta-p_teta-q_teta_start)\n",
    "    acceptance_rate=ee+p_teta_start+q_teta-p_teta-q_teta_start\n",
    "\n",
    "    return acceptance_rate\n"
   ]
  },
  {
   "cell_type": "code",
   "execution_count": 374,
   "metadata": {},
   "outputs": [
    {
     "data": {
      "text/plain": [
       "-5.878728216336667e+20"
      ]
     },
     "execution_count": 374,
     "metadata": {},
     "output_type": "execute_result"
    }
   ],
   "source": [
    "\n",
    "acceptance_rate_=Acceptance_Rati(thetaStart, beta,X,Y,learning_rate)\n",
    "acceptance_rate_"
   ]
  },
  {
   "cell_type": "code",
   "execution_count": 376,
   "metadata": {},
   "outputs": [
    {
     "data": {
      "text/plain": [
       "array([1.00813235, 1.99737811, 2.99724592, 3.99674965, 4.99714172,\n",
       "       5.99977891, 6.99107504, 7.98920335, 8.99160421, 9.99466865])"
      ]
     },
     "execution_count": 376,
     "metadata": {},
     "output_type": "execute_result"
    }
   ],
   "source": [
    "proposed_beta=beta_drawner(X,Y,beta,learning_rate=learning_rate)\n",
    "proposed_beta\n"
   ]
  },
  {
   "cell_type": "code",
   "execution_count": 140,
   "metadata": {},
   "outputs": [
    {
     "data": {
      "text/plain": [
       "\" \\npuique les deux lois proposal and prior sont des loi de normales alors , on a beasoin d'implémenter une fonction\\ncalcul le log prior pour la loi propsal , on juste utiliser celle basée sur la loi à priori en définisant la moyenne et la \\nvariance des dlois comme des arguments .\\n\""
      ]
     },
     "execution_count": 140,
     "metadata": {},
     "output_type": "execute_result"
    }
   ],
   "source": [
    "\"\"\" \n",
    "puique les deux lois proposal and prior sont des loi de normales alors , on a beasoin d'implémenter une fonction\n",
    "calcul le log prior pour la loi propsal , on juste utiliser celle basée sur la loi à priori en définisant la moyenne et la \n",
    "variance des dlois comme des arguments .\n",
    "\"\"\""
   ]
  },
  {
   "cell_type": "code",
   "execution_count": 377,
   "metadata": {},
   "outputs": [],
   "source": [
    "def one_step_mMALA(X,Y,beta_,learning):\n",
    "    # sample new teta base on the previous teta\n",
    "    N,k=X.shape\n",
    "    thetaStart=beta_drawner(X,Y,beta_,learning_rate=1)\n",
    "    acceptance_rate_=Acceptance_Rati(thetaStart, beta_,X,Y,learning_rate)\n",
    "    rand=np.random.uniform(0, 1)\n",
    "    if (acceptance_rate_>1) or (acceptance_rate_>rand):\n",
    "        return thetaStart\n",
    "    else:\n",
    "        return beta_"
   ]
  },
  {
   "cell_type": "markdown",
   "metadata": {},
   "source": [
    "MALA Algorithsm"
   ]
  },
  {
   "cell_type": "code",
   "execution_count": 378,
   "metadata": {},
   "outputs": [],
   "source": [
    "def MALA_beta_drawner(X,Y,curren_beta,learning_rate=learning_rate):\n",
    "    e=learning_rate\n",
    "    N,k=X.shape\n",
    "    pi=np.round(np.pi,4)\n",
    "    z=np.random.randn(k)\n",
    "    gll=Log_likelihood_gradient(X,Y,beta_)\n",
    "    proposal_beta= curren_beta + e*gll + np.sqrt(2*pi*e)*z\n",
    "    \n",
    "    return proposal_beta"
   ]
  },
  {
   "cell_type": "code",
   "execution_count": 387,
   "metadata": {},
   "outputs": [
    {
     "data": {
      "text/plain": [
       "array([ 1.32763493,  2.2093561 ,  4.85000685,  4.59333175,  6.31535232,\n",
       "        6.52946956,  7.15205156,  8.3875291 ,  9.7231249 , 11.01705484])"
      ]
     },
     "execution_count": 387,
     "metadata": {},
     "output_type": "execute_result"
    }
   ],
   "source": [
    "beta_MALA=MALA_beta_drawner(X,Y,beta)\n",
    "beta_MALA"
   ]
  },
  {
   "cell_type": "code",
   "execution_count": 384,
   "metadata": {},
   "outputs": [],
   "source": [
    "def MALA_proposal_Distribution_mean(X,Y,curent_teta,learning_rate=learning_rate):\n",
    "    e=learning_rate\n",
    "    gll=Log_likelihood_gradient(X,Y,curent_teta)\n",
    "\n",
    "    proposal_mean=curent_teta+e*beta_*gll\n",
    "    return proposal_mean"
   ]
  },
  {
   "cell_type": "code",
   "execution_count": 385,
   "metadata": {},
   "outputs": [],
   "source": [
    "def MALA_proposal_Distribution_Variance(learning_rate=learning_rate,dim_beta=k):\n",
    "    e=learning_rate\n",
    "    k=dim_beta\n",
    "    pi=np.round(np.pi,5)\n",
    "    return 4*pi*e*np.identity(k)"
   ]
  },
  {
   "cell_type": "code",
   "execution_count": 382,
   "metadata": {},
   "outputs": [
    {
     "data": {
      "text/plain": [
       "array([[0.1256636, 0.       , 0.       , 0.       , 0.       , 0.       ,\n",
       "        0.       , 0.       , 0.       , 0.       ],\n",
       "       [0.       , 0.1256636, 0.       , 0.       , 0.       , 0.       ,\n",
       "        0.       , 0.       , 0.       , 0.       ],\n",
       "       [0.       , 0.       , 0.1256636, 0.       , 0.       , 0.       ,\n",
       "        0.       , 0.       , 0.       , 0.       ],\n",
       "       [0.       , 0.       , 0.       , 0.1256636, 0.       , 0.       ,\n",
       "        0.       , 0.       , 0.       , 0.       ],\n",
       "       [0.       , 0.       , 0.       , 0.       , 0.1256636, 0.       ,\n",
       "        0.       , 0.       , 0.       , 0.       ],\n",
       "       [0.       , 0.       , 0.       , 0.       , 0.       , 0.1256636,\n",
       "        0.       , 0.       , 0.       , 0.       ],\n",
       "       [0.       , 0.       , 0.       , 0.       , 0.       , 0.       ,\n",
       "        0.1256636, 0.       , 0.       , 0.       ],\n",
       "       [0.       , 0.       , 0.       , 0.       , 0.       , 0.       ,\n",
       "        0.       , 0.1256636, 0.       , 0.       ],\n",
       "       [0.       , 0.       , 0.       , 0.       , 0.       , 0.       ,\n",
       "        0.       , 0.       , 0.1256636, 0.       ],\n",
       "       [0.       , 0.       , 0.       , 0.       , 0.       , 0.       ,\n",
       "        0.       , 0.       , 0.       , 0.1256636]])"
      ]
     },
     "execution_count": 382,
     "metadata": {},
     "output_type": "execute_result"
    }
   ],
   "source": [
    "MALA_proposal_Distribution_Variance()"
   ]
  },
  {
   "cell_type": "code",
   "execution_count": 383,
   "metadata": {},
   "outputs": [
    {
     "data": {
      "text/plain": [
       "array([ 0.82573135,  2.05974268,  3.92704291,  4.65418241,  5.99338235,\n",
       "        6.88068328,  7.7836081 ,  8.94981895,  9.9755355 , 11.2953441 ])"
      ]
     },
     "execution_count": 383,
     "metadata": {},
     "output_type": "execute_result"
    }
   ],
   "source": [
    "MALA_proposal_Distribution_mean(X,Y,beta,learning_rate=learning_rate)"
   ]
  },
  {
   "cell_type": "code",
   "execution_count": 386,
   "metadata": {},
   "outputs": [],
   "source": [
    "def MALA_Acceptance_Rati(thetaStart, theta_,X,Y,learning_rate=learning_rate):\n",
    "    LL_theta=log_likelihood(X,Y,theta_)\n",
    "    LL_theta_start=log_likelihood(X,Y,thetaStart)\n",
    "\n",
    "    teta_mu_proposal=MALA_proposal_Distribution_mean(X,Y,thetaStart,learning_rate)\n",
    "    teta_variance_propsal=MALA_proposal_Distribution_Variance(learning_rate,k)\n",
    "    tetaStart_mu_proposal=MALA_proposal_Distribution_mean(X,Y,beta_,learning_rate)\n",
    "    tetaStar_variance_propsal=MALA_proposal_Distribution_Variance(learning_rate,k)\n",
    "\n",
    "    \n",
    "    p_teta=get_densite_value(theta_,mu=mu,variance_=variance_)\n",
    "    q_teta=get_densite_value(theta_,mu=teta_mu_proposal,variance_=teta_variance_propsal)\n",
    "\n",
    "    p_teta_start=get_densite_value(theta_,mu=mu,variance_=variance_)\n",
    "    q_teta_start=get_densite_value(theta_,mu=tetaStart_mu_proposal,variance_=tetaStar_variance_propsal)\n",
    "    ee=0.000001\n",
    "    #acceptance_rate=ee+np.round(+np.log(p_teta_start+ee)+np.log(q_teta_start+ee)-np.log(p_teta+ee)-np.log(q_teta+ee),25)\n",
    "    acceptance_rate=ee+p_teta_start+q_teta-p_teta-q_teta_start\n",
    "\n",
    "\n",
    "    return acceptance_rate\n",
    "\n"
   ]
  },
  {
   "cell_type": "code",
   "execution_count": 388,
   "metadata": {},
   "outputs": [
    {
     "data": {
      "text/plain": [
       "1e-06"
      ]
     },
     "execution_count": 388,
     "metadata": {},
     "output_type": "execute_result"
    }
   ],
   "source": [
    "\n",
    "MALA_Acceptance_Rati(beta_MALA, beta,X,Y,learning_rate=learning_rate)"
   ]
  },
  {
   "cell_type": "code",
   "execution_count": 393,
   "metadata": {},
   "outputs": [],
   "source": [
    "def one_step_MALA(X,Y,beta_,learning_rate=learning_rate):\n",
    "    # sample new teta base on the previous teta\n",
    "    N,k=X.shape\n",
    "    thetaStart=MALA_beta_drawner(X,Y,beta_,learning_rate=1)\n",
    "    acceptance_rate_=MALA_Acceptance_Rati(thetaStart, beta_,X,Y,learning_rate)\n",
    "    rand=np.random.uniform(0, 1)\n",
    "    ee=0.0001\n",
    "    if (acceptance_rate_>1) or (acceptance_rate_>rand):\n",
    "        return thetaStart\n",
    "    else:\n",
    "        return beta_"
   ]
  },
  {
   "cell_type": "code",
   "execution_count": 394,
   "metadata": {},
   "outputs": [
    {
     "name": "stderr",
     "output_type": "stream",
     "text": [
      "/tmp/ipykernel_339306/1592639042.py:9: RuntimeWarning: overflow encountered in exp\n",
      "  log_likeli=log_likeli-np.log(1+ee+np.round(np.exp(teta@(X[n,:].transpose())),15))\n",
      "/home/onyxia/work/Sampling-Methods-MCMC-Project/mMALA/mMALA_virtual_env/lib/python3.11/site-packages/numpy/core/fromnumeric.py:59: RuntimeWarning: overflow encountered in multiply\n",
      "  return bound(*args, **kwds)\n",
      "/tmp/ipykernel_339306/486246614.py:6: RuntimeWarning: overflow encountered in exp\n",
      "  value1=np.round(ee+np.exp(x),100)\n"
     ]
    },
    {
     "data": {
      "text/plain": [
       "array([ 1,  2,  3,  4,  5,  6,  7,  8,  9, 10])"
      ]
     },
     "execution_count": 394,
     "metadata": {},
     "output_type": "execute_result"
    }
   ],
   "source": [
    "one_step_MALA(X,Y,beta,learning_rate)"
   ]
  },
  {
   "cell_type": "markdown",
   "metadata": {},
   "source": [
    "# 0 DGP "
   ]
  },
  {
   "cell_type": "code",
   "execution_count": 395,
   "metadata": {},
   "outputs": [],
   "source": [
    "import random \n",
    "seed=1996\n",
    "np.random.seed(seed)\n",
    "random.seed(seed)"
   ]
  },
  {
   "cell_type": "code",
   "execution_count": 158,
   "metadata": {},
   "outputs": [],
   "source": [
    "import  numpy as np \n",
    "import random as rd "
   ]
  },
  {
   "cell_type": "code",
   "execution_count": 159,
   "metadata": {},
   "outputs": [],
   "source": [
    "def get_covariate_data(N=N,k=k):\n",
    "    data=np.random.randn(N,k)\n",
    "\n",
    "    return data"
   ]
  },
  {
   "cell_type": "code",
   "execution_count": 396,
   "metadata": {},
   "outputs": [],
   "source": [
    "def indicator_fun(x):\n",
    "    if x >= 0:\n",
    "        return 1\n",
    "    else:\n",
    "         return 0"
   ]
  },
  {
   "cell_type": "code",
   "execution_count": 397,
   "metadata": {},
   "outputs": [],
   "source": [
    "X=get_covariate_data(N,k)"
   ]
  },
  {
   "cell_type": "code",
   "execution_count": 398,
   "metadata": {},
   "outputs": [
    {
     "data": {
      "text/plain": [
       "(600, 10)"
      ]
     },
     "execution_count": 398,
     "metadata": {},
     "output_type": "execute_result"
    }
   ],
   "source": [
    "X.shape"
   ]
  },
  {
   "cell_type": "code",
   "execution_count": 399,
   "metadata": {},
   "outputs": [],
   "source": [
    "\n",
    "N,k=X.shape\n",
    "teta=np.array([i/k for i in range(k)])\n",
    "def get_output(data,teta):\n",
    "    noise_value=np.random.randn(N).reshape(N,1)\n",
    "    teta=teta.reshape(k,1)\n",
    "    data=data.reshape(N,k)\n",
    "    value_=data@teta   #+noise_value\n",
    "    Y=np.array([indicator_fun(value_[i]) for i in range(N)])\n",
    "    return Y "
   ]
  },
  {
   "cell_type": "code",
   "execution_count": 400,
   "metadata": {},
   "outputs": [
    {
     "data": {
      "text/plain": [
       "(600,)"
      ]
     },
     "execution_count": 400,
     "metadata": {},
     "output_type": "execute_result"
    }
   ],
   "source": [
    "Y=get_output(X,teta)\n",
    "Y.shape"
   ]
  },
  {
   "cell_type": "code",
   "execution_count": 401,
   "metadata": {},
   "outputs": [
    {
     "name": "stdout",
     "output_type": "stream",
     "text": [
      "Train :  (500, 10)  et  (500,)\n",
      "Test :  (100, 10)  et  (100,)\n"
     ]
    }
   ],
   "source": [
    "test_size=100\n",
    "X_test,Y_test=X[:test_size],Y[:test_size]\n",
    "X,Y=X[test_size:],Y[test_size:]\n",
    "print( \"Train : \",X.shape ,\" et \",Y.shape)\n",
    "print( \"Test : \",X_test.shape ,\" et \",Y_test.shape)"
   ]
  },
  {
   "cell_type": "markdown",
   "metadata": {},
   "source": [
    "# I Manifold MALA Alogrithsm"
   ]
  },
  {
   "cell_type": "code",
   "execution_count": 413,
   "metadata": {},
   "outputs": [],
   "source": [
    "def get_mMALA_MarkovCHaine(X,Y,B=10):\n",
    "    N,k=X.shape\n",
    "    theta_current=np.zeros(k)\n",
    "    mMALA_chaine=[]\n",
    "    for b in range(B):\n",
    "        theta_current=one_step_mMALA(X,Y,theta_current,learning_rate)\n",
    "        mMALA_chaine.append(theta_current)    \n",
    "    return   mMALA_chaine"
   ]
  },
  {
   "cell_type": "code",
   "execution_count": 414,
   "metadata": {},
   "outputs": [],
   "source": [
    "mMALA_chaine=get_mMALA_MarkovCHaine(X,Y,B=10)\n"
   ]
  },
  {
   "cell_type": "code",
   "execution_count": 415,
   "metadata": {},
   "outputs": [
    {
     "data": {
      "text/plain": [
       "array([0., 0., 0., 0., 0., 0., 0., 0., 0., 0.])"
      ]
     },
     "execution_count": 415,
     "metadata": {},
     "output_type": "execute_result"
    }
   ],
   "source": [
    "mMALA_chaine[-1]"
   ]
  },
  {
   "cell_type": "code",
   "execution_count": 416,
   "metadata": {},
   "outputs": [],
   "source": [
    "def predictor(X,teta_hat):\n",
    "    N=X.shape[0]\n",
    "    Pred_Probas=np.zeros(N)\n",
    "    Y_pred=np.zeros(N)\n",
    "    for i in range(N):\n",
    "        Pred_Probas[i]=link_fun_value(X[i],teta_hat)\n",
    "        Y_pred[i]=indicator_fun(Pred_Probas[i]-0.5)\n",
    "\n",
    "    return Y_pred"
   ]
  },
  {
   "cell_type": "code",
   "execution_count": 417,
   "metadata": {},
   "outputs": [
    {
     "data": {
      "text/plain": [
       "(100,)"
      ]
     },
     "execution_count": 417,
     "metadata": {},
     "output_type": "execute_result"
    }
   ],
   "source": [
    "# Exemple de données de prédiction et de vraies étiquettes\n",
    "beta_hat=mMALA_chaine[-1]\n",
    "y_pred = predictor(X_test,beta_hat)\n",
    "y_pred.shape"
   ]
  },
  {
   "cell_type": "code",
   "execution_count": 418,
   "metadata": {},
   "outputs": [
    {
     "data": {
